self.num_operations, self.num_features_oper 10 4
self.num_machines, self.num_features_mach 50 3
before self.heteroData[machine].x tensor([[0., 0., 0.],
        [0., 0., 0.],
        [0., 0., 0.],
        [0., 0., 0.],
        [0., 0., 0.],
        [0., 0., 0.],
        [0., 0., 0.],
        [0., 0., 0.],
        [0., 0., 0.],
        [0., 0., 0.],
        [0., 0., 0.],
        [0., 0., 0.],
        [0., 0., 0.],
        [0., 0., 0.],
        [0., 0., 0.],
        [0., 0., 0.],
        [0., 0., 0.],
        [0., 0., 0.],
        [0., 0., 0.],
        [0., 0., 0.],
        [0., 0., 0.],
        [0., 0., 0.],
        [0., 0., 0.],
        [0., 0., 0.],
        [0., 0., 0.],
        [0., 0., 0.],
        [0., 0., 0.],
        [0., 0., 0.],
        [0., 0., 0.],
        [0., 0., 0.],
        [0., 0., 0.],
        [0., 0., 0.],
        [0., 0., 0.],
        [0., 0., 0.],
        [0., 0., 0.],
        [0., 0., 0.],
        [0., 0., 0.],
        [0., 0., 0.],
        [0., 0., 0.],
        [0., 0., 0.],
        [0., 0., 0.],
        [0., 0., 0.],
        [0., 0., 0.],
        [0., 0., 0.],
        [0., 0., 0.],
        [0., 0., 0.],
        [0., 0., 0.],
        [0., 0., 0.],
        [0., 0., 0.],
        [0., 0., 0.]])
self.heteroData[machine].x tensor([[0.0000, 0.0000, 0.0000],
        [0.0000, 0.1000, 0.0000],
        [0.0000, 0.1000, 0.0000],
        [0.0000, 0.1000, 0.0000],
        [0.0000, 0.1000, 0.0000],
        [0.0000, 0.1000, 0.0000],
        [0.0000, 0.1000, 0.0000],
        [0.0000, 0.2000, 0.0000],
        [0.0000, 0.1000, 0.0000],
        [0.0000, 0.1000, 0.0000],
        [0.0000, 0.1000, 0.0000],
        [0.0000, 0.1000, 0.0000],
        [0.0000, 0.1000, 0.0000],
        [0.0000, 0.1000, 0.0000],
        [0.0000, 0.1000, 0.0000],
        [0.0000, 0.1000, 0.0000],
        [0.0000, 0.1000, 0.0000],
        [0.0000, 0.1000, 0.0000],
        [0.0000, 0.1000, 0.0000],
        [0.0000, 0.0000, 0.0000],
        [0.0000, 0.0000, 0.0000],
        [0.0000, 0.0000, 0.0000],
        [0.0000, 0.0000, 0.0000],
        [0.0000, 0.0000, 0.0000],
        [0.0000, 0.0000, 0.0000],
        [0.0000, 0.0000, 0.0000],
        [0.0000, 0.0000, 0.0000],
        [0.0000, 0.0000, 0.0000],
        [0.0000, 0.0000, 0.0000],
        [0.0000, 0.0000, 0.0000],
        [0.0000, 0.0000, 0.0000],
        [0.0000, 0.0000, 0.0000],
        [0.0000, 0.0000, 0.0000],
        [0.0000, 0.0000, 0.0000],
        [0.0000, 0.0000, 0.0000],
        [0.0000, 0.0000, 0.0000],
        [0.0000, 0.0000, 0.0000],
        [0.0000, 0.0000, 0.0000],
        [0.0000, 0.0000, 0.0000],
        [0.0000, 0.0000, 0.0000],
        [0.0000, 0.0000, 0.0000],
        [0.0000, 0.0000, 0.0000],
        [0.0000, 0.0000, 0.0000],
        [0.0000, 0.0000, 0.0000],
        [0.0000, 0.0000, 0.0000],
        [0.0000, 0.0000, 0.0000],
        [0.0000, 0.0000, 0.0000],
        [0.0000, 0.0000, 0.0000],
        [0.0000, 0.0000, 0.0000],
        [0.0000, 0.0000, 0.0000]])
before self.heteroData[operation].x tensor([[0., 0., 0., 0.],
        [0., 0., 0., 0.],
        [0., 0., 0., 0.],
        [0., 0., 0., 0.],
        [0., 0., 0., 0.],
        [0., 0., 0., 0.],
        [0., 0., 0., 0.],
        [0., 0., 0., 0.],
        [0., 0., 0., 0.],
        [0., 0., 0., 0.]])
self.heteroData[operation].x tensor([[1.0000e+00, 3.4800e+03, 3.4800e+03, 2.0000e-02],
        [1.0000e+00, 1.6200e+03, 1.6200e+03, 2.0000e-02],
        [1.0000e+00, 1.6200e+03, 1.6200e+03, 2.0000e-02],
        [0.0000e+00, 1.9000e+03, 1.9000e+03, 2.0000e-02],
        [0.0000e+00, 1.2640e+03, 1.1600e+03, 1.0000e-01],
        [1.0000e+00, 1.5000e+04, 1.5000e+04, 2.0000e-02],
        [0.0000e+00, 1.1700e+04, 1.1700e+04, 2.0000e-02],
        [0.0000e+00, 5.2200e+03, 5.2200e+03, 4.0000e-02],
        [0.0000e+00, 1.4960e+04, 1.4900e+04, 1.0000e-01],
        [0.0000e+00, 1.3200e+03, 1.3200e+03, 2.0000e-02]])
self.heteroData[operation, prec, operation].edge_index tensor([[0, 1, 2, 3, 3, 3, 4, 4, 5, 6, 6, 7, 7, 8, 8, 8, 8, 9, 9],
        [0, 1, 2, 3, 1, 2, 4, 3, 5, 6, 5, 7, 6, 8, 0, 4, 7, 9, 8]])
self.heteroData[operation, exec, machine].edge_index tensor([[ 0,  1,  2,  3,  4,  4,  4,  4,  4,  5,  6,  7,  7,  8,  8,  8,  8,  8,
          9],
        [ 7, 14, 15, 13,  8,  9, 10, 11, 12,  7, 18, 16, 17,  2,  3,  4,  5,  6,
          1]])
self.heteroData[operation, exec, machine].edge_attr tensor([[[3.4800e+03, 1.6200e+03, 1.6200e+03, 1.9000e+03, 1.1600e+03,
          1.1600e+03, 1.1600e+03, 1.4200e+03, 1.4200e+03, 1.5000e+04,
          1.1700e+04, 5.2200e+03, 5.2200e+03, 1.5000e+04, 1.5000e+04,
          1.4900e+04, 1.5000e+04, 1.4900e+04, 1.3200e+03],
         [2.3200e-01, 1.0000e+00, 1.0000e+00, 1.0000e+00, 1.0000e+00,
          1.0000e+00, 1.0000e+00, 1.0000e+00, 1.0000e+00, 1.0000e+00,
          1.0000e+00, 1.0000e+00, 1.0000e+00, 1.0000e+00, 1.0000e+00,
          1.0000e+00, 1.0000e+00, 1.0000e+00, 1.0000e+00],
         [1.0000e+00, 1.0000e+00, 1.0000e+00, 1.0000e+00, 8.1690e-01,
          8.1690e-01, 8.1690e-01, 1.0000e+00, 1.0000e+00, 1.0000e+00,
          1.0000e+00, 1.0000e+00, 1.0000e+00, 1.0000e+00, 1.0000e+00,
          9.9333e-01, 1.0000e+00, 9.9333e-01, 1.0000e+00]]])
self.heteroData[machine, exec, operation].edge_index tensor([[ 7, 14, 15, 13,  8,  9, 10, 11, 12,  7, 18, 16, 17,  2,  3,  4,  5,  6,
          1],
        [ 0,  1,  2,  3,  4,  4,  4,  4,  4,  5,  6,  7,  7,  8,  8,  8,  8,  8,
          9]])
self.heteroData[machine, exec, operation].edge_attr tensor([[[3.4800e+03, 1.6200e+03, 1.6200e+03, 1.9000e+03, 1.1600e+03,
          1.1600e+03, 1.1600e+03, 1.4200e+03, 1.4200e+03, 1.5000e+04,
          1.1700e+04, 5.2200e+03, 5.2200e+03, 1.5000e+04, 1.5000e+04,
          1.4900e+04, 1.5000e+04, 1.4900e+04, 1.3200e+03],
         [2.3200e-01, 1.0000e+00, 1.0000e+00, 1.0000e+00, 1.0000e+00,
          1.0000e+00, 1.0000e+00, 1.0000e+00, 1.0000e+00, 1.0000e+00,
          1.0000e+00, 1.0000e+00, 1.0000e+00, 1.0000e+00, 1.0000e+00,
          1.0000e+00, 1.0000e+00, 1.0000e+00, 1.0000e+00],
         [1.0000e+00, 1.0000e+00, 1.0000e+00, 1.0000e+00, 8.1690e-01,
          8.1690e-01, 8.1690e-01, 1.0000e+00, 1.0000e+00, 1.0000e+00,
          1.0000e+00, 1.0000e+00, 1.0000e+00, 1.0000e+00, 1.0000e+00,
          9.9333e-01, 1.0000e+00, 9.9333e-01, 1.0000e+00]]])
